1592658628.758971	
1592658629.7602167	
1592658630.7615268	
1592658631.7626953	
1592658632.7639306	
1592658633.7652063	
1592658634.766436	
1592658635.7677054	
1592658636.7689335	
1592658637.7703373	
1592658638.7717257	
1592658639.7723925	
1592658640.7732117	
1592658641.7746012	
1592658642.7760026	
1592658643.7773836	
1592658644.7787685	
1592658645.7801466	
1592658646.7815304	
1592658647.7829096	
1592658648.784293	
1592658649.785672	
1592658650.787048	
1592658651.7884305	
1592658652.789831	
1592658653.7910268	
1592658654.7924163	
1592658655.7937937	
1592658656.7951767	
1592658657.7963116	
1592658658.7976975	
1592658659.7990696	
1592658660.8004725	
1592658661.8018634	
1592658662.803249	
1592658663.8046398	
1592658664.805837	
1592658665.8072176	
1592658666.8086863	
1592658667.810073	
1592658668.81144	
1592658669.8128178	
1592658670.8142176	
1592658671.8156059	
1592658672.816987	
1592658673.8183098	
1592658674.8197062	
1592658675.8210905	
1592658676.822487	
1592658677.8238668	
1592658678.8252573	
1592658679.8266373	
1592658680.82804	
1592658681.829428	
1592658682.830822	
1592658683.8322096	
1592658684.8335848	
1592658685.8349624	
1592658686.8363435	
1592658687.8377151	
1592658688.839094	
1592658689.8396316	
1592658690.8410118	
1592658691.8423865	
Total old Records: 64	
Total New Records: 64	
Total Key Misses: 0	
Total Matches: 64	
Total Miss Matches: 0	
