1592658572.7726429	
1592658573.7739239	
1592658574.7751806	
1592658575.7764764	
1592658576.7777078	
1592658577.778999	
1592658578.779674	
1592658579.7810855	
1592658580.7824786	
1592658581.783915	
1592658582.7843814	
1592658583.7857683	
1592658584.78715	
1592658585.788541	
1592658586.7899258	
1592658587.791305	
1592658588.792698	
1592658589.7940857	
1592658590.7951934	
1592658591.796596	
1592658592.7979896	
1592658593.7993736	
1592658594.8007805	
1592658595.802156	
1592658596.803543	
1592658597.8049188	
1592658598.8062975	
1592658599.8076787	
1592658600.8090582	
1592658601.8104165	
1592658602.8118203	
1592658603.8132083	
1592658604.8146117	
1592658605.816017	
1592658606.8168316	
1592658607.818229	
1592658608.819613	
1592658609.8210096	
1592658610.822392	
1592658611.8237875	
1592658612.8251774	
1592658613.826568	
1592658614.8279624	
1592658615.829367	
1592658616.8307805	
1592658617.8321743	
1592658618.8335874	
1592658619.8349636	
1592658620.8363533	
1592658621.8377426	
1592658622.8391201	
Total old Records: 51	
Total New Records: 51	
Total Key Misses: 0	
Total Matches: 51	
Total Miss Matches: 0	
